0.70889
0.7213430000000001
0.726564
0.7294420000000001
0.7315379999999999
0.73332
0.733665
0.735775
0.734785
0.736084
0.735601
0.7369960000000001
0.737533
0.7369979999999999
0.7380410000000001
0.7377770000000001
0.73806
0.738132
0.738539
0.7386769999999999
0.7387640000000001
0.738745
0.7383419999999999
0.738714
0.7388260000000001
0.738681
0.739141
0.73944
0.7391639999999999
0.739872
0.7392579999999999
0.7398159999999999
0.739659
0.739245
0.739355
0.739568
0.7391589999999999
0.7390110000000001
0.7392730000000001
0.7392289999999999
0.7394820000000001
0.739921
0.739158
0.7401089999999999
0.740169
0.7387920000000001
0.739969
0.73892
0.7399960000000001
0.7399
