Epoch,Training Loss,Training Accuracy,Validation Loss,Validation Accuracy,Learning Rate,Weight Decay,Batch Size,Data Input,beta1,beta2
17,1.7916478872299195,0.18083333333333326,1.7911776325685516,0.2113129496402878,0.0001,5e-05,120,1000frag_10000orgs_120s,,
17,1.7849223971366883,0.1716666666666667,1.7873445989559595,0.1673531175059952,0.0001,5e-05,120,1000frag_10000orgs_120s,,
17,1.7733845710754397,0.2275,1.7745848205878585,0.20578037569944047,0.0001,5e-05,120,1000frag_10000orgs_120s,,
17,1.7672664165496823,0.22666666666666666,1.7583903816535318,0.2812140287769784,0.0001,5e-05,120,1000frag_10000orgs_120s,,
17,1.7602595686912537,0.2525,1.7466022076080745,0.3240617505995204,0.0001,5e-05,120,1000frag_10000orgs_120s,,
17,1.7568365454673769,0.25416666666666665,1.7337308719861422,0.33003896882494005,0.0001,5e-05,120,1000frag_10000orgs_120s,,
17,1.7511337757110597,0.2641666666666667,1.7246409084728296,0.32339128697042363,0.0001,5e-05,120,1000frag_10000orgs_120s,,
17,1.7299694776535035,0.29500000000000004,1.7174483725492902,0.35363409272581936,0.0001,5e-05,120,1000frag_10000orgs_120s,,
17,1.7289427995681763,0.32,1.7093965118308718,0.35934452438049563,0.0001,5e-05,120,1000frag_10000orgs_120s,,
17,1.7224018931388856,0.3133333333333333,1.7008812410797147,0.3731974420463629,0.0001,5e-05,120,1000frag_10000orgs_120s,,
17,1.7193018913269045,0.31166666666666665,1.6948087123086413,0.3876958433253398,0.0001,5e-05,120,1000frag_10000orgs_120s,,
17,1.7062053442001344,0.3391666666666667,1.6903904317951888,0.4005575539568345,0.0001,5e-05,120,1000frag_10000orgs_120s,,
17,1.6971755623817444,0.3525,1.6855802785721328,0.4198920863309353,0.0001,5e-05,120,1000frag_10000orgs_120s,,
17,1.7047240018844605,0.3433333333333333,1.6777943270240756,0.42042765787370107,0.0001,5e-05,120,1000frag_10000orgs_120s,,
17,1.694340169429779,0.3608333333333334,1.6744284055930534,0.4046203037569945,0.0001,5e-05,120,1000frag_10000orgs_120s,,
17,1.6892011284828186,0.3608333333333333,1.6676843738670255,0.4260011990407674,0.0001,5e-05,120,1000frag_10000orgs_120s,,
17,1.665991759300232,0.4066666666666667,1.66071544321035,0.4311580735411671,0.0001,5e-05,120,1000frag_10000orgs_120s,,
20,1.4396637300534247,0.6029671999999999,1.3625957683324814,0.6777499999999999,1e-05,5e-05,40,1000frags_10000orgs_40_30e,,
20,1.378277257507801,0.6621552999999999,1.331807653775215,0.70912,1e-05,5e-05,40,1000frags_10000orgs_40_30e,,
20,1.3584236254673003,0.6822154,1.321811725139618,0.7195159999999999,1e-05,5e-05,40,1000frags_10000orgs_40_30e,,
20,1.3479020132603643,0.6928251000000001,1.3158709038162228,0.725537,1e-05,5e-05,40,1000frags_10000orgs_40_30e,,
20,1.3407613373217582,0.7000979,1.3110373236083983,0.7303109999999999,1e-05,5e-05,40,1000frags_10000orgs_40_30e,,
20,1.3352789872550963,0.7056165999999999,1.307240681285858,0.734069,1e-05,5e-05,40,1000frags_10000orgs_40_30e,,
20,1.3306965319509507,0.710275,1.3058521751832959,0.735083,1e-05,5e-05,40,1000frags_10000orgs_40_30e,,
20,1.3271667568874361,0.7138677000000002,1.303841739845276,0.7373730000000002,1e-05,5e-05,40,1000frags_10000orgs_40_30e,,
20,1.324090593011379,0.716956,1.3025068418884278,0.7388389999999999,1e-05,5e-05,40,1000frags_10000orgs_40_30e,,
20,1.3217220623540875,0.7192911999999999,1.3013922906637192,0.739715,1e-05,5e-05,40,1000frags_10000orgs_40_30e,,
20,1.3194895044574737,0.7215192000000001,1.300024436416626,0.74117,1e-05,5e-05,40,1000frags_10000orgs_40_30e,,
20,1.3176743145918846,0.7233664000000001,1.2984599615621566,0.7428039999999999,1e-05,5e-05,40,1000frags_10000orgs_40_30e,,
20,1.3159088830056191,0.7251951999999999,1.2980242107677458,0.74283,1e-05,5e-05,40,1000frags_10000orgs_40_30e,,
20,1.314295041015625,0.7268328000000001,1.2971452374267578,0.7441070000000001,1e-05,5e-05,40,1000frags_10000orgs_40_30e,,
20,1.3130062223486898,0.7281516000000001,1.2968468325805664,0.7443930000000001,1e-05,5e-05,40,1000frags_10000orgs_40_30e,,
20,1.3119668095803259,0.7291630000000001,1.2968275469112396,0.7440760000000001,1e-05,5e-05,40,1000frags_10000orgs_40_30e,,
20,1.3108311283493042,0.7303508000000001,1.295528833565712,0.7455229999999999,1e-05,5e-05,40,1000frags_10000orgs_40_30e,,
20,1.3098343523464202,0.7313879,1.2953578502893448,0.7457840000000001,1e-05,5e-05,40,1000frags_10000orgs_40_30e,,
20,1.3088190949549674,0.7324287999999998,1.294938376317024,0.7462759999999999,1e-05,5e-05,40,1000frags_10000orgs_40_30e,,
20,1.308078800998211,0.7331665999999999,1.2951774842119217,0.7458969999999999,1e-05,5e-05,40,1000frags_10000orgs_40_30e,,
17,1.5601410345498223,0.515288276937845,1.4520018119820588,0.5949560351718625,1e-06,1e-05,90,1000frags_10000orgs_lr106_small,,
17,1.4615994785203619,0.5889363850891929,1.4250677235370917,0.6169344524380495,1e-06,1e-05,90,1000frags_10000orgs_lr106_small,,
17,1.4392799464874426,0.605620950323974,1.4109613777922212,0.6301278976818545,1e-06,1e-05,90,1000frags_10000orgs_lr106_small,,
17,1.4260774231626456,0.616989540836733,1.3993447177594514,0.6413878896882494,1e-06,1e-05,90,1000frags_10000orgs_lr106_small,,
17,1.415227945016991,0.6272680185585152,1.3870808370786605,0.6537010391686651,1e-06,1e-05,90,1000frags_10000orgs_lr106_small,,
17,1.4051402004375313,0.6371590272778176,1.3767067851887334,0.6645333733013588,1e-06,1e-05,90,1000frags_10000orgs_lr106_small,,
17,1.3959169635065087,0.6464759819214463,1.3660106577032762,0.6755165867306153,1e-06,1e-05,90,1000frags_10000orgs_lr106_small,,
17,1.3872192567473185,0.655317674586033,1.3564971875050942,0.6850869304556354,1e-06,1e-05,90,1000frags_10000orgs_lr106_small,,
17,1.37934705265097,0.6632702383809295,1.3495817803864856,0.6922921662669863,1e-06,1e-05,90,1000frags_10000orgs_lr106_small,,
17,1.3724139176346657,0.6702824774018077,1.3433044003175316,0.6987539968025579,1e-06,1e-05,90,1000frags_10000orgs_lr106_small,,
17,1.3663946412455443,0.6761904047676184,1.3380693445960394,0.7039188649080734,1e-06,1e-05,90,1000frags_10000orgs_lr106_small,,
17,1.3610585339061645,0.6816728661707063,1.3333662811157514,0.7087719824140687,1e-06,1e-05,90,1000frags_10000orgs_lr106_small,,
17,1.3563946996675371,0.6862019038476921,1.3298986376725512,0.7123221422861711,1e-06,1e-05,90,1000frags_10000orgs_lr106_small,,
17,1.3522997762527802,0.6903583713302935,1.3268325925516569,0.7151019184652277,1e-06,1e-05,90,1000frags_10000orgs_lr106_small,,
17,1.348730779536299,0.6938847892168625,1.3243954294877087,0.7177567945643485,1e-06,1e-05,90,1000frags_10000orgs_lr106_small,,
17,1.3454644934855575,0.6970935325173987,1.321448745841174,0.7204716227018385,1e-06,1e-05,90,1000frags_10000orgs_lr106_small,,
17,1.3425912126051256,0.6998888088952883,1.3200919786481549,0.7218265387689848,1e-06,1e-05,90,1000frags_10000orgs_lr106_small,,
25,1.564088588051868,0.5104234661227101,1.4530033747712483,0.5929936051159073,1e-06,1e-05,90,1000frags_10000orgs_b10.85_b20.95,,
25,1.4636226966011598,0.5872050235981121,1.4262004203183187,0.6157543964828137,1e-06,1e-05,90,1000frags_10000orgs_b10.85_b20.95,,
25,1.4412360308505459,0.6036447084233261,1.4122965576622983,0.6282623900879296,1e-06,1e-05,90,1000frags_10000orgs_b10.85_b20.95,,
25,1.4289106103104168,0.6139755819534435,1.4015425800848351,0.6385871302957633,1e-06,1e-05,90,1000frags_10000orgs_b10.85_b20.95,,
25,1.4192935429819202,0.6227749780017597,1.3929292826558188,0.6473131494804156,1e-06,1e-05,90,1000frags_10000orgs_b10.85_b20.95,,
25,1.4106379454098559,0.6312271018318534,1.384449024552064,0.6558163469224619,1e-06,1e-05,90,1000frags_10000orgs_b10.85_b20.95,,
25,1.4024727429982742,0.6393994480441565,1.3746688731389938,0.6659012789768185,1e-06,1e-05,90,1000frags_10000orgs_b10.85_b20.95,,
25,1.3945848105632204,0.6473544116470681,1.3665602357589084,0.6744564348521181,1e-06,1e-05,90,1000frags_10000orgs_b10.85_b20.95,,
25,1.3869181036444942,0.6550976921846252,1.359348589096138,0.6813838928856913,1e-06,1e-05,90,1000frags_10000orgs_b10.85_b20.95,,
25,1.3800939737838578,0.6620063394928405,1.3510605697794784,0.6903936850519584,1e-06,1e-05,90,1000frags_10000orgs_b10.85_b20.95,,
25,1.3737689376714162,0.6683701303895687,1.3450427904189062,0.696540767386091,1e-06,1e-05,90,1000frags_10000orgs_b10.85_b20.95,,
25,1.3682484330195073,0.6739550835933125,1.3404279159770596,0.7015067945643484,1e-06,1e-05,90,1000frags_10000orgs_b10.85_b20.95,,
25,1.3631158422230816,0.6792469602431805,1.3355619794387612,0.7061590727418066,1e-06,1e-05,90,1000frags_10000orgs_b10.85_b20.95,,
25,1.3586108739434857,0.683788496920246,1.3325360752159745,0.7094434452438049,1e-06,1e-05,90,1000frags_10000orgs_b10.85_b20.95,,
25,1.3547306707634441,0.6875709943204542,1.3293413701138908,0.7122092326139089,1e-06,1e-05,90,1000frags_10000orgs_b10.85_b20.95,,
25,1.3510912492635272,0.6913328933685304,1.3266399184791304,0.7149020783373302,1e-06,1e-05,90,1000frags_10000orgs_b10.85_b20.95,,
25,1.3479223529948356,0.6943449524038077,1.3231520414352418,0.7184802158273381,1e-06,1e-05,90,1000frags_10000orgs_b10.85_b20.95,,
25,1.3451594916552498,0.6968886489080874,1.3222417271716131,0.7195853317346124,1e-06,1e-05,90,1000frags_10000orgs_b10.85_b20.95,,
25,1.3423794627103809,0.6998328133749299,1.3195899739325476,0.7220413669064747,1e-06,1e-05,90,1000frags_10000orgs_b10.85_b20.95,,
25,1.3398918671100324,0.7023164146868252,1.318067186063142,0.7234772182254195,1e-06,1e-05,90,1000frags_10000orgs_b10.85_b20.95,,
25,1.3378323282083648,0.7043115550755942,1.3177300929379978,0.7240597521982414,1e-06,1e-05,90,1000frags_10000orgs_b10.85_b20.95,,
25,1.3357539472335789,0.7063630909527238,1.3152179068477037,0.726683653077538,1e-06,1e-05,90,1000frags_10000orgs_b10.85_b20.95,,
25,1.3336356451961529,0.7085061195104391,1.3135996155280003,0.7279576338928857,1e-06,1e-05,90,1000frags_10000orgs_b10.85_b20.95,,
25,1.3318382687968604,0.7102300815934727,1.3130730382615714,0.7283872901678657,1e-06,1e-05,90,1000frags_10000orgs_b10.85_b20.95,,
25,1.3302475905336864,0.7117619590432764,1.3121821579530084,0.7292515987210232,1e-06,1e-05,90,1000frags_10000orgs_b10.85_b20.95,,
25,1.5744834798802652,0.52802895502346,1.3973889768981247,0.6726470823341327,1e-06,0.0001,90,6000frags_2000orgs_36nt_09_099,,
25,1.416467908550512,0.6652263311147527,1.3443867594539691,0.7103497202238209,1e-06,0.0001,90,6000frags_2000orgs_36nt_09_099,,
25,1.3716928605386822,0.6917253829565313,1.3244849058899948,0.7249266586730615,1e-06,0.0001,90,6000frags_2000orgs_36nt_09_099,,
25,1.351911607408427,0.7039004342787352,1.3142687270645614,0.7333858912869704,1e-06,0.0001,90,6000frags_2000orgs_36nt_09_099,,
25,1.3400995600162402,0.7120826968174115,1.3063198264875855,0.7398571143085532,1e-06,0.0001,90,6000frags_2000orgs_36nt_09_099,,
25,1.3317601934429844,0.7182355088262484,1.3001691355658092,0.7451123101518783,1e-06,0.0001,90,6000frags_2000orgs_36nt_09_099,,
25,1.3247327705184873,0.7239630057034918,1.2943030083136593,0.7503413269384493,1e-06,0.0001,90,6000frags_2000orgs_36nt_09_099,,
25,1.3185634919233002,0.7292948550005391,1.2898617291193215,0.7546005195843326,1e-06,0.0001,90,6000frags_2000orgs_36nt_09_099,,
25,1.3132640573072791,0.7340119450023894,1.2842804588323875,0.7599292565947243,1e-06,0.0001,90,6000frags_2000orgs_36nt_09_099,,
25,1.3084441376670048,0.7385688352937353,1.2791668895980437,0.7653007593924859,1e-06,0.0001,90,6000frags_2000orgs_36nt_09_099,,
25,1.30363236799489,0.7429246753537615,1.2751701091262075,0.7690329736211032,1e-06,0.0001,90,6000frags_2000orgs_36nt_09_099,,
25,1.2992749626765236,0.7471329883840769,1.2703862979579317,0.7739226618705036,1e-06,0.0001,90,6000frags_2000orgs_36nt_09_099,,
25,1.2949315507699066,0.7512246276247264,1.2648842134064051,0.7793541167066348,1e-06,0.0001,90,6000frags_2000orgs_36nt_09_099,,
25,1.2907222412846266,0.7553891132449961,1.261389676422524,0.7829642286171064,1e-06,0.0001,90,6000frags_2000orgs_36nt_09_099,,
25,1.2867966948090863,0.759263776530322,1.2565449292925621,0.7875851318944844,1e-06,0.0001,90,6000frags_2000orgs_36nt_09_099,,
25,1.2827813011996352,0.7631675271903361,1.2527900632872857,0.7914260591526779,1e-06,0.0001,90,6000frags_2000orgs_36nt_09_099,,
25,1.278867747667292,0.7671391331901538,1.2481324179245414,0.7963475219824141,1e-06,0.0001,90,6000frags_2000orgs_36nt_09_099,,
25,1.275254342449016,0.7707413566401211,1.244820724266896,0.7997879696243008,1e-06,0.0001,90,6000frags_2000orgs_36nt_09_099,,
25,1.2713975697526256,0.7747009385409691,1.240866083239051,0.8037168265387691,1e-06,0.0001,90,6000frags_2000orgs_36nt_09_099,,
25,1.2679793364608352,0.7780518061319003,1.2377682650260788,0.8070677458033574,1e-06,0.0001,90,6000frags_2000orgs_36nt_09_099,,
25,1.264801436237289,0.7812826911524549,1.2351089089787264,0.8096938449240608,1e-06,0.0001,90,6000frags_2000orgs_36nt_09_099,,
25,1.2614755040098211,0.7845420859045107,1.2319998976245201,0.8127613908872903,1e-06,0.0001,90,6000frags_2000orgs_36nt_09_099,,
25,1.2583031654764003,0.7879614523500237,1.2278894710133401,0.8168904876099123,1e-06,0.0001,90,6000frags_2000orgs_36nt_09_099,,
25,1.2553433897313022,0.7908101123939099,1.2249176012311909,0.8203061550759394,1e-06,0.0001,90,6000frags_2000orgs_36nt_09_099,,
25,1.252578892927838,0.7935686854358648,1.22303620060142,0.8220461630695446,1e-06,0.0001,90,6000frags_2000orgs_36nt_09_099,,
25,1.5657329005151874,0.5442546867346483,1.3919816125639908,0.6814260591526778,1e-06,0.0001,90,6000frags_2000orgs_36nt_true_09_099,,
25,1.4089268492871754,0.6712141722699677,1.3405186959093425,0.7159566346922461,1e-06,0.0001,90,6000frags_2000orgs_36nt_true_09_099,,
25,1.3665148741137705,0.696059679486228,1.322154933600117,0.7286992406075139,1e-06,0.0001,90,6000frags_2000orgs_36nt_true_09_099,,
25,1.3475671318175664,0.7078253501753968,1.3106697210197826,0.7374838129496403,1e-06,0.0001,90,6000frags_2000orgs_36nt_true_09_099,,
25,1.3358629663161128,0.7162506246505668,1.3032785171763503,0.7433183453237411,1e-06,0.0001,90,6000frags_2000orgs_36nt_true_09_099,,
25,1.3271486418636165,0.7229445285558078,1.2965789508262129,0.7498705035971224,1e-06,0.0001,90,6000frags_2000orgs_36nt_true_09_099,,
25,1.3199295768225219,0.7288752207923289,1.2891556794587655,0.7567529976019185,1e-06,0.0001,90,6000frags_2000orgs_36nt_true_09_099,,
25,1.3136673388406241,0.7344175659160964,1.284191690074454,0.7611976418864909,1e-06,0.0001,90,6000frags_2000orgs_36nt_true_09_099,,
25,1.3078961570929797,0.7395651318816702,1.278759550844594,0.7665873301358913,1e-06,0.0001,90,6000frags_2000orgs_36nt_true_09_099,,
25,1.302567750777285,0.7444467080296666,1.2731363354934204,0.7716922462030378,1e-06,0.0001,90,6000frags_2000orgs_36nt_true_09_099,,
25,1.2972747573949095,0.7495142816147402,1.267220362527765,0.7777609912070343,1e-06,0.0001,90,6000frags_2000orgs_36nt_true_09_099,,
25,1.2923143390676093,0.7544142756774675,1.2621041956565362,0.7829140687450041,1e-06,0.0001,90,6000frags_2000orgs_36nt_true_09_099,,
25,1.287739754758668,0.7588946529911484,1.2578736368807957,0.7871121103117508,1e-06,0.0001,90,6000frags_2000orgs_36nt_true_09_099,,
25,1.2829929942709308,0.7635220272817681,1.2525481277446953,0.7925113908872903,1e-06,0.0001,90,6000frags_2000orgs_36nt_true_09_099,,
25,1.2785337210716756,0.7679953788227378,1.2477772498516728,0.7974490407673862,1e-06,0.0001,90,6000frags_2000orgs_36nt_true_09_099,,
25,1.2742807830106482,0.7721143370292857,1.2431905212805423,0.8021318944844127,1e-06,0.0001,90,6000frags_2000orgs_36nt_true_09_099,,
25,1.2702464267352058,0.776155516963283,1.2403304986494907,0.8052897681854518,1e-06,0.0001,90,6000frags_2000orgs_36nt_true_09_099,,
25,1.266351286201744,0.7800689465793889,1.2365350318683994,0.8088976818545165,1e-06,0.0001,90,6000frags_2000orgs_36nt_true_09_099,,
25,1.262739192929618,0.7837102883040675,1.2331560874585623,0.8126229016786573,1e-06,0.0001,90,6000frags_2000orgs_36nt_true_09_099,,
25,1.259212588627712,0.7872795416425468,1.2300683632278613,0.8154852118305358,1e-06,0.0001,90,6000frags_2000orgs_36nt_true_09_099,,
25,1.2557871698114929,0.7906802135439087,1.226187100759942,0.8193683053557157,1e-06,0.0001,90,6000frags_2000orgs_36nt_true_09_099,,
25,1.2525869364588662,0.7939052411274881,1.2249383239758955,0.8207072342126301,1e-06,0.0001,90,6000frags_2000orgs_36nt_true_09_099,,
25,1.2499763503140522,0.7963831124173113,1.2213501256575687,0.8243231414868107,1e-06,0.0001,90,6000frags_2000orgs_36nt_true_09_099,,
25,1.2468521750848642,0.7996839391825368,1.2186836355988928,0.8268055555555558,1e-06,0.0001,90,6000frags_2000orgs_36nt_true_09_099,,
25,1.2443391169588462,0.8021695165575692,1.2170108869457417,0.8287983613109514,1e-06,0.0001,90,6000frags_2000orgs_36nt_true_09_099,,
25,1.567007643521,0.5470353616184427,1.3919912658471,0.6769226618705037,1e-06,0.0001,90,6000frags_2000orgs_33nt_true_09_099,,
25,1.4123860388854903,0.666632350101023,1.3435603832919818,0.70935551558753,1e-06,0.0001,90,6000frags_2000orgs_33nt_true_09_099,,
25,1.3718605144133225,0.6900283686142843,1.3271330678312898,0.7213057553956834,1e-06,0.0001,90,6000frags_2000orgs_33nt_true_09_099,,
25,1.3531459399596593,0.7019617700031057,1.3155122043524714,0.7314062749800161,1e-06,0.0001,90,6000frags_2000orgs_33nt_true_09_099,,
25,1.3414743913064002,0.7101692334925728,1.3080558544547438,0.7376310951239009,1e-06,0.0001,90,6000frags_2000orgs_33nt_true_09_099,,
25,1.3331348292410998,0.716415251269846,1.302845314970548,0.7419444444444444,1e-06,0.0001,90,6000frags_2000orgs_33nt_true_09_099,,
25,1.326423364078257,0.7220122514573013,1.2959998650838145,0.7488007593924859,1e-06,0.0001,90,6000frags_2000orgs_33nt_true_09_099,,
25,1.3206701134274506,0.7269196647551491,1.2917764891073,0.7525567545963231,1e-06,0.0001,90,6000frags_2000orgs_33nt_true_09_099,,
25,1.315702055733711,0.7311873787598523,1.2879681392217712,0.7561532773780976,1e-06,0.0001,90,6000frags_2000orgs_33nt_true_09_099,,
25,1.3110494882211852,0.7354936479137593,1.2826075648017925,0.7614934052757795,1e-06,0.0001,90,6000frags_2000orgs_33nt_true_09_099,,
25,1.3066716033451875,0.7396105210409951,1.2794219969631102,0.7646225019984014,1e-06,0.0001,90,6000frags_2000orgs_33nt_true_09_099,,
25,1.3030249920554466,0.743065810305575,1.2749361994347983,0.7689400479616308,1e-06,0.0001,90,6000frags_2000orgs_33nt_true_09_099,,
25,1.299159069669881,0.7467885813014924,1.2719671035842073,0.7717531974420463,1e-06,0.0001,90,6000frags_2000orgs_33nt_true_09_099,,
25,1.2954658234168372,0.7502712934163144,1.2683235133937794,0.7754038768984811,1e-06,0.0001,90,6000frags_2000orgs_33nt_true_09_099,,
25,1.2919928518381492,0.7537850082490234,1.2642249774053798,0.7798295363709032,1e-06,0.0001,90,6000frags_2000orgs_33nt_true_09_099,,
25,1.2887358756409106,0.7569194952624771,1.260493439768287,0.7832957633892887,1e-06,0.0001,90,6000frags_2000orgs_33nt_true_09_099,,
25,1.28522003432926,0.7603918883391398,1.2578937027201378,0.7860967226219026,1e-06,0.0001,90,6000frags_2000orgs_33nt_true_09_099,,
25,1.2819809947183245,0.7634952180898186,1.2536580867582945,0.7906676658673061,1e-06,0.0001,90,6000frags_2000orgs_33nt_true_09_099,,
25,1.2786107304536656,0.7668771188009099,1.2501618508490726,0.7939094724220624,1e-06,0.0001,90,6000frags_2000orgs_33nt_true_09_099,,
25,1.2753438227637677,0.7704201160895594,1.2464583359176309,0.7978001598721025,1e-06,0.0001,90,6000frags_2000orgs_33nt_true_09_099,,
25,1.272063192818753,0.7736376823810189,1.2434200228975831,0.8011035171862512,1e-06,0.0001,90,6000frags_2000orgs_33nt_true_09_099,,
25,1.269080545194789,0.7766210270277981,1.240672768116426,0.8036982414068746,1e-06,0.0001,90,6000frags_2000orgs_33nt_true_09_099,,
25,1.2661307475643526,0.779640297027167,1.2373220911450524,0.8070137889688251,1e-06,0.0001,90,6000frags_2000orgs_33nt_true_09_099,,
25,1.2632948818700238,0.7824740979601266,1.2347802098813674,0.8096992406075142,1e-06,0.0001,90,6000frags_2000orgs_33nt_true_09_099,,
25,1.2603687049266905,0.7855666323703692,1.2325865188734138,0.8119368505195845,1e-06,0.0001,90,6000frags_2000orgs_33nt_true_09_099,,
25,1.5944636533703658,0.5136964464254011,1.4175403950633585,0.6592051282051282,1e-06,1e-05,110,6000frags_2000orgs_30nt_small_04,0.4,0.99
25,1.4310841601166209,0.6570813727335466,1.3548560725332617,0.7033443223443224,1e-06,1e-05,110,6000frags_2000orgs_30nt_small_04,0.4,0.99
25,1.3806176937613412,0.6866840417522656,1.3325625722486891,0.7190491175491175,1e-06,1e-05,110,6000frags_2000orgs_30nt_small_04,0.4,0.99
25,1.3581251403394394,0.7002204732003531,1.3209719671652866,0.7277345987345988,1e-06,1e-05,110,6000frags_2000orgs_30nt_small_04,0.4,0.99
25,1.3452929816209642,0.7083228028267343,1.3123357956619053,0.7343339993339992,1e-06,1e-05,110,6000frags_2000orgs_30nt_small_04,0.4,0.99
25,1.3364016136397483,0.7145335474475161,1.3066127367465048,0.7394009324009324,1e-06,1e-05,110,6000frags_2000orgs_30nt_small_04,0.4,0.99
25,1.329380826355681,0.7199376707251359,1.3015143278797905,0.7438451548451548,1e-06,1e-05,110,6000frags_2000orgs_30nt_small_04,0.4,0.99
25,1.3238913786565674,0.7242861987346261,1.2969372952246403,0.7480379620379621,1e-06,1e-05,110,6000frags_2000orgs_30nt_small_04,0.4,0.99
25,1.3188946805901267,0.7285203534174395,1.293931339926772,0.7502798867798867,1e-06,1e-05,110,6000frags_2000orgs_30nt_small_04,0.4,0.99
25,1.3142255163269942,0.7324375266697191,1.2895635502941003,0.7547405927405928,1e-06,1e-05,110,6000frags_2000orgs_30nt_small_04,0.4,0.99
25,1.3103814600767856,0.7359801141230373,1.284938836320416,0.7588822843822844,1e-06,1e-05,110,6000frags_2000orgs_30nt_small_04,0.4,0.99
25,1.3065634822343701,0.7394205229022528,1.2820134551708515,0.7619350649350649,1e-06,1e-05,110,6000frags_2000orgs_30nt_small_04,0.4,0.99
25,1.3031312162213364,0.7425624076988554,1.2784174321378978,0.7655654345654346,1e-06,1e-05,110,6000frags_2000orgs_30nt_small_04,0.4,0.99
25,1.29959625524299,0.7458768797841415,1.2747791979863097,0.7689995004995005,1e-06,1e-05,110,6000frags_2000orgs_30nt_small_04,0.4,0.99
25,1.2966267590579008,0.7487992285748993,1.271613720537542,0.7720116550116551,1e-06,1e-05,110,6000frags_2000orgs_30nt_small_04,0.4,0.99
25,1.2934148011965183,0.7517448253514396,1.2687827479053329,0.7750661005661005,1e-06,1e-05,110,6000frags_2000orgs_30nt_small_04,0.4,0.99
25,1.2904676502634265,0.7545936024266273,1.2652454684199868,0.7786608391608392,1e-06,1e-05,110,6000frags_2000orgs_30nt_small_04,0.4,0.99
25,1.2876459296327516,0.7573289500440287,1.2620602041679423,0.7816047286047287,1e-06,1e-05,110,6000frags_2000orgs_30nt_small_04,0.4,0.99
25,1.2844698038892983,0.7605778057211915,1.259280279128106,0.7845078255078256,1e-06,1e-05,110,6000frags_2000orgs_30nt_small_04,0.4,0.99
25,1.2815745051209293,0.7633284009648488,1.2560179819117536,0.7877302697302698,1e-06,1e-05,110,6000frags_2000orgs_30nt_small_04,0.4,0.99
25,1.2790475439104518,0.7659601610572934,1.2529561177321842,0.7912131202131203,1e-06,1e-05,110,6000frags_2000orgs_30nt_small_04,0.4,0.99
25,1.2760411848799151,0.7690069537051497,1.250437251159123,0.7933588078588079,1e-06,1e-05,110,6000frags_2000orgs_30nt_small_04,0.4,0.99
25,1.2735659891565456,0.7714417850368358,1.2481499410461594,0.7957917082917083,1e-06,1e-05,110,6000frags_2000orgs_30nt_small_04,0.4,0.99
25,1.2709920453540051,0.7739700410341023,1.2448999007586594,0.7989260739260738,1e-06,1e-05,110,6000frags_2000orgs_30nt_small_04,0.4,0.99
25,1.2683275257487965,0.7767248622741222,1.2424709010517203,0.8015754245754247,1e-06,1e-05,110,6000frags_2000orgs_30nt_small_04,0.4,0.99
25,1.5965770553125485,0.513004958176096,1.415171337559983,0.6663025308025308,1e-06,1e-05,110,6000frags_2000orgs_30nt_small_08,0.8,0.99
25,1.4305265407419998,0.66087686532298,1.3530924048659565,0.7054247419247418,1e-06,1e-05,110,6000frags_2000orgs_30nt_small_08,0.8,0.99
25,1.37959681112495,0.6888369488461995,1.3319781314802694,0.7196688311688312,1e-06,1e-05,110,6000frags_2000orgs_30nt_small_08,0.8,0.99
25,1.3571551877602066,0.701667287384216,1.3198063431860327,0.7292950382950383,1e-06,1e-05,110,6000frags_2000orgs_30nt_small_08,0.8,0.99
25,1.344050559688232,0.7100237674752014,1.311283665869262,0.7358591408591408,1e-06,1e-05,110,6000frags_2000orgs_30nt_small_08,0.8,0.99
25,1.3351889118979532,0.7160131311796436,1.3062586272679841,0.7395814185814186,1e-06,1e-05,110,6000frags_2000orgs_30nt_small_08,0.8,0.99
25,1.3284260791722102,0.7209269765849321,1.3011335117738323,0.744522977022977,1e-06,1e-05,110,6000frags_2000orgs_30nt_small_08,0.8,0.99
25,1.3228706041935083,0.7252165631247499,1.2960616985258164,0.7483846153846154,1e-06,1e-05,110,6000frags_2000orgs_30nt_small_08,0.8,0.99
25,1.3178866741973752,0.7295007283975832,1.2917360598962386,0.7526886446886447,1e-06,1e-05,110,6000frags_2000orgs_30nt_small_08,0.8,0.99
25,1.3137298445090666,0.7329285965687447,1.288111801003362,0.7561665001665001,1e-06,1e-05,110,6000frags_2000orgs_30nt_small_08,0.8,0.99
25,1.3094368883214758,0.7369886238491696,1.2848781918038379,0.7590800865800866,1e-06,1e-05,110,6000frags_2000orgs_30nt_small_08,0.8,0.99
25,1.3058963520233549,0.7401436299250822,1.2811045087431814,0.7625692640692641,1e-06,1e-05,110,6000frags_2000orgs_30nt_small_08,0.8,0.99
25,1.3024642679009804,0.7432073627112942,1.277537553022196,0.7661368631368629,1e-06,1e-05,110,6000frags_2000orgs_30nt_small_08,0.8,0.99
25,1.2991611325443069,0.7463831138796451,1.2740122359270578,0.7696263736263735,1e-06,1e-05,110,6000frags_2000orgs_30nt_small_08,0.8,0.99
25,1.2957048615600972,0.749750826955961,1.2709270782523103,0.7727154512154513,1e-06,1e-05,110,6000frags_2000orgs_30nt_small_08,0.8,0.99
25,1.2927816080451564,0.7524764171827076,1.2674303227597543,0.7761483516483516,1e-06,1e-05,110,6000frags_2000orgs_30nt_small_08,0.8,0.99
25,1.2897012341447058,0.7555418563859823,1.2646407752508646,0.7791556776556776,1e-06,1e-05,110,6000frags_2000orgs_30nt_small_08,0.8,0.99
25,1.286882703710661,0.758221149760234,1.2612515743748172,0.7824906759906761,1e-06,1e-05,110,6000frags_2000orgs_30nt_small_08,0.8,0.99
25,1.2839441183399647,0.7610822032491783,1.2583527384747517,0.7854177489177491,1e-06,1e-05,110,6000frags_2000orgs_30nt_small_08,0.8,0.99
25,1.2808281850638377,0.7642266910548595,1.255629193520808,0.7879706959706959,1e-06,1e-05,110,6000frags_2000orgs_30nt_small_08,0.8,0.99
25,1.2781766035786168,0.7668877327746432,1.252031542115159,0.7917547452547452,1e-06,1e-05,110,6000frags_2000orgs_30nt_small_08,0.8,0.99
25,1.275353036893947,0.7696684283698622,1.249875103510343,0.7940700965700966,1e-06,1e-05,110,6000frags_2000orgs_30nt_small_08,0.8,0.99
25,1.2725318798331835,0.7724289044802458,1.2469774503760285,0.7970359640359641,1e-06,1e-05,110,6000frags_2000orgs_30nt_small_08,0.8,0.99
25,1.269876010747666,0.7752673212455822,1.2437879098640694,0.8001999666999667,1e-06,1e-05,110,6000frags_2000orgs_30nt_small_08,0.8,0.99
25,1.2673319584291145,0.7777178023350549,1.2412488815155658,0.8028493173493174,1e-06,1e-05,110,6000frags_2000orgs_30nt_small_08,0.8,0.99
25,1.5914060187659589,0.5213079792462308,1.4145110939623236,0.663514652014652,1e-06,1e-05,110,6000frags_2000orgs_30nt_small_02,0.2,0.99
25,1.4280731793937589,0.659099004560383,1.3539838862943123,0.7030519480519479,1e-06,1e-05,110,6000frags_2000orgs_30nt_small_02,0.2,0.99
25,1.3797446651854637,0.686854260191448,1.3325610711155358,0.7189801864801865,1e-06,1e-05,110,6000frags_2000orgs_30nt_small_02,0.2,0.99
25,1.3580144994960242,0.699815349877792,1.3209567669590752,0.7273266733266733,1e-06,1e-05,110,6000frags_2000orgs_30nt_small_02,0.2,0.99
25,1.3451446263383209,0.7083651134044289,1.3127329328033952,0.7344289044289044,1e-06,1e-05,110,6000frags_2000orgs_30nt_small_02,0.2,0.99
25,1.3365302528638072,0.7144216325183024,1.3064308087773375,0.7392763902763901,1e-06,1e-05,110,6000frags_2000orgs_30nt_small_02,0.2,0.99
25,1.329573376028765,0.7196653765085773,1.3012289638702683,0.7436943056943057,1e-06,1e-05,110,6000frags_2000orgs_30nt_small_02,0.2,0.99
25,1.3240175067413529,0.7240219560478578,1.2971645603861128,0.7477702297702298,1e-06,1e-05,110,6000frags_2000orgs_30nt_small_02,0.2,0.99
25,1.3191778749613492,0.7281566368499763,1.292906074641825,0.7515509490509491,1e-06,1e-05,110,6000frags_2000orgs_30nt_small_02,0.2,0.99
25,1.314953648936517,0.7317389251975284,1.2897356048128108,0.7542437562437563,1e-06,1e-05,110,6000frags_2000orgs_30nt_small_02,0.2,0.99
25,1.3109068063676192,0.7354080561573624,1.2857790819760206,0.7580614385614386,1e-06,1e-05,110,6000frags_2000orgs_30nt_small_02,0.2,0.99
25,1.3073016506174335,0.7384679750903155,1.282371806024195,0.7613624708624708,1e-06,1e-05,110,6000frags_2000orgs_30nt_small_02,0.2,0.99
25,1.3038005787420892,0.7418584895250021,1.2791394577445565,0.7644104229104228,1e-06,1e-05,110,6000frags_2000orgs_30nt_small_02,0.2,0.99
25,1.3006757956649504,0.7446859425050915,1.2758861547643012,0.7677645687645688,1e-06,1e-05,110,6000frags_2000orgs_30nt_small_02,0.2,0.99
25,1.297496411000326,0.7477935765967682,1.2724421922322158,0.7714104229104229,1e-06,1e-05,110,6000frags_2000orgs_30nt_small_02,0.2,0.99
25,1.2945590568184302,0.7505274897781836,1.269834991483898,0.7737572427572427,1e-06,1e-05,110,6000frags_2000orgs_30nt_small_02,0.2,0.99
25,1.2915575086794773,0.7534631445061601,1.2662301920927488,0.7775111555111556,1e-06,1e-05,110,6000frags_2000orgs_30nt_small_02,0.2,0.99
25,1.2886030866303564,0.7564366168401784,1.2636739320283408,0.7800064935064934,1e-06,1e-05,110,6000frags_2000orgs_30nt_small_02,0.2,0.99
25,1.2857926766178764,0.7592700161386563,1.2603908900376204,0.7835188145188144,1e-06,1e-05,110,6000frags_2000orgs_30nt_small_02,0.2,0.99
25,1.2828687413686075,0.7620606849295564,1.2574451329812901,0.786549284049284,1e-06,1e-05,110,6000frags_2000orgs_30nt_small_02,0.2,0.99
25,1.2800659541588597,0.7648486289039017,1.2547945726310814,0.7889287379287379,1e-06,1e-05,110,6000frags_2000orgs_30nt_small_02,0.2,0.99
25,1.2774683222932801,0.7674317205133578,1.252097291448614,0.7916988011988012,1e-06,1e-05,110,6000frags_2000orgs_30nt_small_02,0.2,0.99
25,1.274786268801848,0.7701395568833127,1.2494988579147464,0.7944615384615384,1e-06,1e-05,110,6000frags_2000orgs_30nt_small_02,0.2,0.99
25,1.2721645700970146,0.7728041210083302,1.246598089802396,0.7973030303030303,1e-06,1e-05,110,6000frags_2000orgs_30nt_small_02,0.2,0.99
25,1.2694685001487978,0.7754964906098116,1.2436697302938815,0.8001638361638362,1e-06,1e-05,110,6000frags_2000orgs_30nt_small_02,0.2,0.99
25,1.598903094820685,0.5026836684318182,1.4218924239572588,0.659898767898768,1e-06,1e-05,110,6000frags_2000orgs_30nt_small_06,0.6,0.99
25,1.4336218778095675,0.6556315706512285,1.3568839918388116,0.7028972693972694,1e-06,1e-05,110,6000frags_2000orgs_30nt_small_06,0.6,0.99
25,1.3823292792780768,0.6853025080326188,1.332939502773704,0.7193070263070263,1e-06,1e-05,110,6000frags_2000orgs_30nt_small_06,0.6,0.99
25,1.3588985080552476,0.6995912107729868,1.3207111917092251,0.7281090576090576,1e-06,1e-05,110,6000frags_2000orgs_30nt_small_06,0.6,0.99
25,1.3453751037067887,0.7084988546760054,1.3115506915207749,0.7352782217782218,1e-06,1e-05,110,6000frags_2000orgs_30nt_small_06,0.6,0.99
25,1.3361076682695738,0.7150087851556399,1.3059206111090524,0.740097236097236,1e-06,1e-05,110,6000frags_2000orgs_30nt_small_06,0.6,0.99
25,1.3290946169157585,0.7202881158396883,1.3004362791842157,0.7448881118881121,1e-06,1e-05,110,6000frags_2000orgs_30nt_small_06,0.6,0.99
25,1.3231063145079291,0.7251959993530298,1.2961980497968066,0.7486974691974692,1e-06,1e-05,110,6000frags_2000orgs_30nt_small_06,0.6,0.99
25,1.3181325145362153,0.7293039809575426,1.29121858051845,0.7533426573426574,1e-06,1e-05,110,6000frags_2000orgs_30nt_small_06,0.6,0.99
25,1.3135328080288025,0.7332598951054083,1.287160617021414,0.7570049950049951,1e-06,1e-05,110,6000frags_2000orgs_30nt_small_06,0.6,0.99
25,1.30938387833515,0.7370053587502711,1.2836658083213557,0.7603588078588079,1e-06,1e-05,110,6000frags_2000orgs_30nt_small_06,0.6,0.99
25,1.3056980162142164,0.7404559960202883,1.2796184251858638,0.7645944055944056,1e-06,1e-05,110,6000frags_2000orgs_30nt_small_06,0.6,0.99
25,1.3019714929404689,0.7437919979941257,1.2763047474950224,0.7678518148518149,1e-06,1e-05,110,6000frags_2000orgs_30nt_small_06,0.6,0.99
25,1.2988020512541614,0.7466845317631626,1.2728708780728857,0.7711428571428571,1e-06,1e-05,110,6000frags_2000orgs_30nt_small_06,0.6,0.99
25,1.2953122216915225,0.7500535541307974,1.2699949822190044,0.7737137862137863,1e-06,1e-05,110,6000frags_2000orgs_30nt_small_06,0.6,0.99
25,1.2920862256240009,0.7531799866200884,1.2659155460504383,0.7778379953379952,1e-06,1e-05,110,6000frags_2000orgs_30nt_small_06,0.6,0.99
25,1.2891945046010005,0.756055623078056,1.2627323536427466,0.7812114552114552,1e-06,1e-05,110,6000frags_2000orgs_30nt_small_06,0.6,0.99
25,1.2859709143886733,0.7591531504864067,1.2596880236955792,0.7841138861138862,1e-06,1e-05,110,6000frags_2000orgs_30nt_small_06,0.6,0.99
25,1.2831933740495425,0.7619645810557004,1.2563713489521988,0.7875457875457876,1e-06,1e-05,110,6000frags_2000orgs_30nt_small_06,0.6,0.99
25,1.2800478053964144,0.765155394080001,1.2535329889596163,0.7904645354645355,1e-06,1e-05,110,6000frags_2000orgs_30nt_small_06,0.6,0.99
25,1.2772738401863335,0.7678776176370996,1.250779069177397,0.7932645687645686,1e-06,1e-05,110,6000frags_2000orgs_30nt_small_06,0.6,0.99
25,1.2744665527294126,0.7706894369891595,1.247791139136304,0.7964483849483849,1e-06,1e-05,110,6000frags_2000orgs_30nt_small_06,0.6,0.99
25,1.2716848729111108,0.7734295217493645,1.2449807443723573,0.7992004662004663,1e-06,1e-05,110,6000frags_2000orgs_30nt_small_06,0.6,0.99
25,1.269183483926595,0.7757613323223869,1.2421154373294705,0.8020882450882449,1e-06,1e-05,110,6000frags_2000orgs_30nt_small_06,0.6,0.99
25,1.2665345776478083,0.7785779755842197,1.2399412197988111,0.8042209457209457,1e-06,1e-05,110,6000frags_2000orgs_30nt_small_06,0.6,0.99
25,1.6037262328628634,0.5130097204707861,1.425432500870197,0.6597253996003994,1e-06,1e-05,130,6000frags_2000orgs_30nt_small_130,0.95,0.99
25,1.4396677180033564,0.6550541077016486,1.359999099629266,0.7006592157842157,1e-06,1e-05,130,6000frags_2000orgs_30nt_small_130,0.95,0.99
25,1.3862672528510536,0.6852924781654288,1.335907673402266,0.7172497502497502,1e-06,1e-05,130,6000frags_2000orgs_30nt_small_130,0.95,0.99
25,1.3619594887859834,0.6988800791649151,1.324026696186561,0.7255168581418581,1e-06,1e-05,130,6000frags_2000orgs_30nt_small_130,0.95,0.99
25,1.3480881608086206,0.7072567080005604,1.3145475027777929,0.7329684065934066,1e-06,1e-05,130,6000frags_2000orgs_30nt_small_130,0.95,0.99
25,1.3384926882239638,0.7137260841389939,1.3094680450953446,0.7367983266733266,1e-06,1e-05,130,6000frags_2000orgs_30nt_small_130,0.95,0.99
25,1.3314465828248059,0.7188197392695342,1.3033926754028766,0.7421221278721278,1e-06,1e-05,130,6000frags_2000orgs_30nt_small_130,0.95,0.99
25,1.3257588021514195,0.7232752790621642,1.2994358882191894,0.7458189310689309,1e-06,1e-05,130,6000frags_2000orgs_30nt_small_130,0.95,0.99
25,1.320812660159309,0.7271723238055203,1.2956893603987507,0.7489346903096903,1e-06,1e-05,130,6000frags_2000orgs_30nt_small_130,0.95,0.99
25,1.3164271171496866,0.7309642852972771,1.291510964028247,0.752838036963037,1e-06,1e-05,130,6000frags_2000orgs_30nt_small_130,0.95,0.99
25,1.3124668417732572,0.7343147009714632,1.2882756128558863,0.7559120879120879,1e-06,1e-05,130,6000frags_2000orgs_30nt_small_130,0.95,0.99
25,1.3088978299026282,0.7373767164074541,1.284694399400191,0.7591770729270728,1e-06,1e-05,130,6000frags_2000orgs_30nt_small_130,0.95,0.99
25,1.305683494350298,0.7402385222549155,1.2814747822129882,0.7623626373626374,1e-06,1e-05,130,6000frags_2000orgs_30nt_small_130,0.95,0.99
25,1.3021161738608054,0.7437230453972258,1.2782607072514374,0.7653512737262738,1e-06,1e-05,130,6000frags_2000orgs_30nt_small_130,0.95,0.99
25,1.2992233486155995,0.7463501237681565,1.2753280673398601,0.7685136113886114,1e-06,1e-05,130,6000frags_2000orgs_30nt_small_130,0.95,0.99
25,1.2960678206441179,0.7495190614637337,1.272271746474427,0.771333041958042,1e-06,1e-05,130,6000frags_2000orgs_30nt_small_130,0.95,0.99
25,1.2932447643944474,0.7522358016907197,1.2692747750375175,0.7742790959040959,1e-06,1e-05,130,6000frags_2000orgs_30nt_small_130,0.95,0.99
25,1.2904408779268055,0.7548517963897061,1.266484759767334,0.777447052947053,1e-06,1e-05,130,6000frags_2000orgs_30nt_small_130,0.95,0.99
25,1.2877034725550094,0.7575014887207511,1.2636194749157152,0.7800789210789212,1e-06,1e-05,130,6000frags_2000orgs_30nt_small_130,0.95,0.99
25,1.2847778689209879,0.7604273183176873,1.2602382625233044,0.7836925574425576,1e-06,1e-05,130,6000frags_2000orgs_30nt_small_130,0.95,0.99
25,1.2820352698186708,0.7630432137686236,1.2579111792050401,0.7859195804195805,1e-06,1e-05,130,6000frags_2000orgs_30nt_small_130,0.95,0.99
25,1.2794476481832442,0.7656446219233104,1.254570623961362,0.7894383116883118,1e-06,1e-05,130,6000frags_2000orgs_30nt_small_130,0.95,0.99
25,1.276790920880323,0.7682639677035168,1.2526550475653115,0.7911996753246754,1e-06,1e-05,130,6000frags_2000orgs_30nt_small_130,0.95,0.99
25,1.2740930694569657,0.7710414886039886,1.2490499094089904,0.7950003746253748,1e-06,1e-05,130,6000frags_2000orgs_30nt_small_130,0.95,0.99
25,1.2713799122676173,0.7738333887954789,1.2470454189065214,0.796991133866134,1e-06,1e-05,130,6000frags_2000orgs_30nt_small_130,0.95,0.99
25,1.6019500621746146,0.5180791415627479,1.4256667944827637,0.6574296953046953,1e-06,1e-05,130,6000frags_2000orgs_30nt_small_130,0.95,0.99
25,1.4390659331623974,0.6550273224043716,1.361198786837714,0.6997326423576423,1e-06,1e-05,130,6000frags_2000orgs_30nt_small_130,0.95,0.99
25,1.3860845831085424,0.6845306296996869,1.336704447935154,0.7161394855144854,1e-06,1e-05,130,6000frags_2000orgs_30nt_small_130,0.95,0.99
25,1.3620461651471143,0.6981718334033908,1.3243082302266902,0.7252974525474525,1e-06,1e-05,130,6000frags_2000orgs_30nt_small_130,0.95,0.99
25,1.3482570681448192,0.7066547306291158,1.3156792715927224,0.7316422327672327,1e-06,1e-05,130,6000frags_2000orgs_30nt_small_130,0.95,0.99
25,1.3389895974873194,0.7129373365326234,1.3094054188511588,0.7368394105894105,1e-06,1e-05,130,6000frags_2000orgs_30nt_small_130,0.95,0.99
25,1.3318015155994176,0.7182685126803979,1.3041112730100557,0.7412199050949052,1e-06,1e-05,130,6000frags_2000orgs_30nt_small_130,0.95,0.99
25,1.3259741500980866,0.7227421944327681,1.3002563512944556,0.7443496503496504,1e-06,1e-05,130,6000frags_2000orgs_30nt_small_130,0.95,0.99
25,1.3210564180866615,0.7267806151043855,1.2959879498512714,0.7489892607392608,1e-06,1e-05,130,6000frags_2000orgs_30nt_small_130,0.95,0.99
25,1.3167261192609705,0.7304022173182009,1.2920989619911492,0.7526105144855145,1e-06,1e-05,130,6000frags_2000orgs_30nt_small_130,0.95,0.99
25,1.312573615146465,0.7340901610153661,1.2879220055450094,0.7565330919080919,1e-06,1e-05,130,6000frags_2000orgs_30nt_small_130,0.95,0.99
25,1.3087937758626833,0.7375477266358412,1.284743781027856,0.7592416333666334,1e-06,1e-05,130,6000frags_2000orgs_30nt_small_130,0.95,0.99
25,1.3052995718372324,0.7407144370884124,1.2812673209085093,0.7626319930069931,1e-06,1e-05,130,6000frags_2000orgs_30nt_small_130,0.95,0.99
25,1.302097762399684,0.7436401907897809,1.278326227463685,0.7653622627372628,1e-06,1e-05,130,6000frags_2000orgs_30nt_small_130,0.95,0.99
25,1.2990275489925691,0.7465762195833917,1.2747945065312571,0.76904507992008,1e-06,1e-05,130,6000frags_2000orgs_30nt_small_130,0.95,0.99
25,1.2959029715406438,0.7496305900004671,1.2719757116769816,0.7718784965034966,1e-06,1e-05,130,6000frags_2000orgs_30nt_small_130,0.95,0.99
25,1.292905959548846,0.752396746999206,1.2689258884145067,0.7748713786213789,1e-06,1e-05,130,6000frags_2000orgs_30nt_small_130,0.95,0.99
25,1.290060289831109,0.7551238878380272,1.266615543845412,0.7769455544455545,1e-06,1e-05,130,6000frags_2000orgs_30nt_small_130,0.95,0.99
25,1.2873112719567097,0.7578274835365001,1.2629196332027386,0.7808141858141859,1e-06,1e-05,130,6000frags_2000orgs_30nt_small_130,0.95,0.99
25,1.2843750348182323,0.7608744045116995,1.2599273517843963,0.7837641108891109,1e-06,1e-05,130,6000frags_2000orgs_30nt_small_130,0.95,0.99
25,1.2817301606480538,0.7634058019242446,1.2572366403140032,0.7865206043956045,1e-06,1e-05,130,6000frags_2000orgs_30nt_small_130,0.95,0.99
25,1.2789294609834587,0.7662712011349307,1.2548963431878524,0.7888702547452547,1e-06,1e-05,130,6000frags_2000orgs_30nt_small_130,0.95,0.99
25,1.2762852807709428,0.7688758815562095,1.2517324803711531,0.7921458541458543,1e-06,1e-05,130,6000frags_2000orgs_30nt_small_130,0.95,0.99
25,1.2738647672517704,0.7712352645836252,1.2490457739613272,0.7949072177822178,1e-06,1e-05,130,6000frags_2000orgs_30nt_small_130,0.95,0.99
25,1.2712193006700503,0.7739049524776986,1.2465012835062943,0.7973705044955046,1e-06,1e-05,130,6000frags_2000orgs_30nt_small_130,0.95,0.99
25,1.605304158597045,0.5036824412685068,1.4313814866388,0.6535538211788211,1e-06,1e-05,130,6000frags_2000orgs_30nt_small_130,0.95,0.99
25,1.4412995984417494,0.6537466635140814,1.361312430679024,0.7004895104895105,1e-06,1e-05,130,6000frags_2000orgs_30nt_small_130,0.95,0.99
25,1.3863530246547011,0.6855762662883564,1.3365069296607723,0.7178144355644355,1e-06,1e-05,130,6000frags_2000orgs_30nt_small_130,0.95,0.99
25,1.3615982263205482,0.6995238428844986,1.3236624782890472,0.7268039460539458,1e-06,1e-05,130,6000frags_2000orgs_30nt_small_130,0.95,0.99
25,1.3476382041726611,0.7080984307131848,1.314680652866116,0.7332303946053945,1e-06,1e-05,130,6000frags_2000orgs_30nt_small_130,0.95,0.99
25,1.3379207640300033,0.7144493192751388,1.3079733702269467,0.7387706043956045,1e-06,1e-05,130,6000frags_2000orgs_30nt_small_130,0.95,0.99
25,1.330714970950872,0.7197605319695483,1.3030674628932757,0.7428090659340658,1e-06,1e-05,130,6000frags_2000orgs_30nt_small_130,0.95,0.99
25,1.324740874751018,0.7244884346831068,1.2985062336766875,0.7466948051948051,1e-06,1e-05,130,6000frags_2000orgs_30nt_small_130,0.95,0.99
25,1.3198540060604855,0.7281805000934101,1.2945607328569737,0.7505322177822178,1e-06,1e-05,130,6000frags_2000orgs_30nt_small_130,0.95,0.99
25,1.3153401850351218,0.7321656858624069,1.290829242932332,0.7534104645354646,1e-06,1e-05,130,6000frags_2000orgs_30nt_small_130,0.95,0.99
25,1.3115332617427482,0.7352695518658632,1.2877951438705642,0.7565432067932067,1e-06,1e-05,130,6000frags_2000orgs_30nt_small_130,0.95,0.99
25,1.3077772942625108,0.738640940988277,1.283184839812192,0.7606303696303697,1e-06,1e-05,130,6000frags_2000orgs_30nt_small_130,0.95,0.99
25,1.3041687716030683,0.742090210639391,1.2803375620501385,0.7638086913086914,1e-06,1e-05,130,6000frags_2000orgs_30nt_small_130,0.95,0.99
25,1.3009511894313364,0.7449289092055484,1.2769157546216792,0.7670074925074926,1e-06,1e-05,130,6000frags_2000orgs_30nt_small_130,0.95,0.99
25,1.2978646654053465,0.7478340922890102,1.2735320851090666,0.7704393106893107,1e-06,1e-05,130,6000frags_2000orgs_30nt_small_130,0.95,0.99
25,1.2949230649399628,0.7505794393068984,1.2706238207414553,0.7735363386613388,1e-06,1e-05,130,6000frags_2000orgs_30nt_small_130,0.95,0.99
25,1.2919486424571178,0.7534958140675353,1.2679082020691463,0.7762287712287713,1e-06,1e-05,130,6000frags_2000orgs_30nt_small_130,0.95,0.99
25,1.2890214752271527,0.7562414383961515,1.2649066034075502,0.7788623876123877,1e-06,1e-05,130,6000frags_2000orgs_30nt_small_130,0.95,0.99
25,1.2862914326640429,0.7589571861426369,1.2617782321378783,0.7818889860139862,1e-06,1e-05,130,6000frags_2000orgs_30nt_small_130,0.95,0.99
25,1.2834030948245458,0.7618474732614078,1.259045135912957,0.7847937062937064,1e-06,1e-05,130,6000frags_2000orgs_30nt_small_130,0.95,0.99
25,1.2806675950979274,0.7644361835038066,1.2566484304836818,0.7872477522477523,1e-06,1e-05,130,6000frags_2000orgs_30nt_small_130,0.95,0.99
25,1.277965130180609,0.7672229549063565,1.2537588542003135,0.7901774475524477,1e-06,1e-05,130,6000frags_2000orgs_30nt_small_130,0.95,0.99
25,1.2751407715987635,0.770059373686423,1.250333135313802,0.7936399850149852,1e-06,1e-05,130,6000frags_2000orgs_30nt_small_130,0.95,0.99
25,1.2727170700518808,0.7723516737891739,1.2478078351856827,0.7961594655344656,1e-06,1e-05,130,6000frags_2000orgs_30nt_small_130,0.95,0.99
25,1.270230684527934,0.7749333928821635,1.2452416419673276,0.7987256493506495,1e-06,1e-05,130,6000frags_2000orgs_30nt_small_130,0.95,0.99
25,1.6036853300254854,0.5088483518985567,1.4242220724093448,0.6581764485514485,1e-06,1e-05,130,6000frags_2000orgs_30nt_small_130,0.95,0.99
25,1.4391632130953784,0.6549453989771612,1.3594696827058668,0.7010414585414585,1e-06,1e-05,130,6000frags_2000orgs_30nt_small_130,0.95,0.99
25,1.3851856040107748,0.6860004524543457,1.3353386811931411,0.7176523476523475,1e-06,1e-05,130,6000frags_2000orgs_30nt_small_130,0.95,0.99
25,1.3610256779747585,0.6997792752557095,1.322747018662366,0.7272599900099901,1e-06,1e-05,130,6000frags_2000orgs_30nt_small_130,0.95,0.99
25,1.347085178165488,0.7082642712857875,1.314512314610667,0.7333741258741259,1e-06,1e-05,130,6000frags_2000orgs_30nt_small_130,0.95,0.99
25,1.3376739257020378,0.7144717872822378,1.308042523597742,0.7383104395604396,1e-06,1e-05,130,6000frags_2000orgs_30nt_small_130,0.95,0.99
25,1.3305882767249977,0.7197059513801316,1.3023875748956355,0.743272977022977,1e-06,1e-05,130,6000frags_2000orgs_30nt_small_130,0.95,0.99
25,1.3245980699303372,0.724444213838681,1.2986773353273218,0.7462310189810191,1e-06,1e-05,130,6000frags_2000orgs_30nt_small_130,0.95,0.99
25,1.3195466931009554,0.7285293190416141,1.2937894280854758,0.7510158591408591,1e-06,1e-05,130,6000frags_2000orgs_30nt_small_130,0.95,0.99
25,1.3151308704073963,0.7321831973051235,1.2897752246608982,0.7545680569430571,1e-06,1e-05,130,6000frags_2000orgs_30nt_small_130,0.95,0.99
25,1.3111505546986728,0.7357022324973144,1.2867537602201684,0.7574248251748252,1e-06,1e-05,130,6000frags_2000orgs_30nt_small_130,0.95,0.99
25,1.3073578597808797,0.7392085697772172,1.2829502861995201,0.7613291708291708,1e-06,1e-05,130,6000frags_2000orgs_30nt_small_130,0.95,0.99
25,1.3037292788165515,0.7425315521227406,1.2800405787802362,0.7640571928071929,1e-06,1e-05,130,6000frags_2000orgs_30nt_small_130,0.95,0.99
25,1.3004199596636934,0.7454300359628229,1.2765633516497426,0.7674826423576424,1e-06,1e-05,130,6000frags_2000orgs_30nt_small_130,0.95,0.99
25,1.2970474749380123,0.7487969472467423,1.2728818313177528,0.7711569680319681,1e-06,1e-05,130,6000frags_2000orgs_30nt_small_130,0.95,0.99
25,1.294002691491054,0.7516317926533089,1.2699906825090383,0.7737291458541458,1e-06,1e-05,130,6000frags_2000orgs_30nt_small_130,0.95,0.99
25,1.2911949969999126,0.7541852639998132,1.267221313714981,0.7767785964035964,1e-06,1e-05,130,6000frags_2000orgs_30nt_small_130,0.95,0.99
25,1.2882620525490391,0.7570599574984821,1.2641947623351952,0.779633991008991,1e-06,1e-05,130,6000frags_2000orgs_30nt_small_130,0.95,0.99
25,1.2853328345805572,0.7599782880295175,1.2609899487588312,0.7828787462537463,1e-06,1e-05,130,6000frags_2000orgs_30nt_small_130,0.95,0.99
25,1.2826005605791435,0.7625716687683901,1.2581952334224404,0.7857818431568432,1e-06,1e-05,130,6000frags_2000orgs_30nt_small_130,0.95,0.99
25,1.2796893255632429,0.7655911593339874,1.2551317935330528,0.7888987262737265,1e-06,1e-05,130,6000frags_2000orgs_30nt_small_130,0.95,0.99
25,1.2768637069717783,0.7683192605436459,1.2516593811883554,0.792421078921079,1e-06,1e-05,130,6000frags_2000orgs_30nt_small_130,0.95,0.99
25,1.2743128913445552,0.7709268279155576,1.2495811721256802,0.7943234265734267,1e-06,1e-05,130,6000frags_2000orgs_30nt_small_130,0.95,0.99
25,1.2715977322240997,0.7736611467236468,1.2471290837789508,0.797014110889111,1e-06,1e-05,130,6000frags_2000orgs_30nt_small_130,0.95,0.99
25,1.269139904119278,0.7761117737377984,1.2440338091416792,0.8000812937062938,1e-06,1e-05,130,6000frags_2000orgs_30nt_small_130,0.95,0.99
25,1.5947013729457828,0.5212403505118585,1.4147672968906362,0.663541958041958,1e-06,1e-05,110,6000frags_2000orgs_30nt_small_110,0.95,0.99
25,1.4293307698870237,0.6586099225148717,1.3543337422543829,0.7042087912087911,1e-06,1e-05,110,6000frags_2000orgs_30nt_small_110,0.95,0.99
25,1.3792681427987827,0.6878332708166196,1.3316922766952723,0.7198764568764571,1e-06,1e-05,110,6000frags_2000orgs_30nt_small_110,0.95,0.99
25,1.357172472001666,0.7009292319699351,1.319836097903304,0.7287813852813854,1e-06,1e-05,110,6000frags_2000orgs_30nt_small_110,0.95,0.99
25,1.3442620583064682,0.7092835451114822,1.311333684698566,0.7357637362637363,1e-06,1e-05,110,6000frags_2000orgs_30nt_small_110,0.95,0.99
25,1.3353211515154912,0.7156672107400599,1.3052236867343987,0.7408509823509823,1e-06,1e-05,110,6000frags_2000orgs_30nt_small_110,0.95,0.99
25,1.3284646387953762,0.7208122000143277,1.3005587572841857,0.7448488178488177,1e-06,1e-05,110,6000frags_2000orgs_30nt_small_110,0.95,0.99
25,1.322805436020312,0.7255408090641672,1.2960362263302228,0.7490134865134865,1e-06,1e-05,110,6000frags_2000orgs_30nt_small_110,0.95,0.99
25,1.317964999971844,0.7293916678791795,1.2914910795400432,0.7534007659007659,1e-06,1e-05,110,6000frags_2000orgs_30nt_small_110,0.95,0.99
25,1.3134282353600344,0.7333860108952615,1.287711908660092,0.7565695970695971,1e-06,1e-05,110,6000frags_2000orgs_30nt_small_110,0.95,0.99
25,1.3095586979808242,0.7368429432201403,1.2838096552497738,0.7604445554445556,1e-06,1e-05,110,6000frags_2000orgs_30nt_small_110,0.95,0.99
25,1.3056760684110629,0.7403049085854359,1.2801719306065489,0.7636978021978023,1e-06,1e-05,110,6000frags_2000orgs_30nt_small_110,0.95,0.99
25,1.3024093577450453,0.7434773409172115,1.277853712039989,0.7658188478188479,1e-06,1e-05,110,6000frags_2000orgs_30nt_small_110,0.95,0.99
25,1.2989511437982901,0.7464949526096613,1.273698768222725,0.7704022644022644,1e-06,1e-05,110,6000frags_2000orgs_30nt_small_110,0.95,0.99
25,1.2957315050651363,0.7497042308686619,1.270389277437231,0.7736003996003996,1e-06,1e-05,110,6000frags_2000orgs_30nt_small_110,0.95,0.99
25,1.292631280267823,0.7526102619072093,1.2674654710554814,0.7763135198135199,1e-06,1e-05,110,6000frags_2000orgs_30nt_small_110,0.95,0.99
25,1.289373583847676,0.7558465230250615,1.264670578595046,0.779075591075591,1e-06,1e-05,110,6000frags_2000orgs_30nt_small_110,0.95,0.99
25,1.2866486592164863,0.7584772563750363,1.2613171147645177,0.7825181485181485,1e-06,1e-05,110,6000frags_2000orgs_30nt_small_110,0.95,0.99
25,1.2837224924128767,0.7612915046460376,1.2583535864981976,0.785530303030303,1e-06,1e-05,110,6000frags_2000orgs_30nt_small_110,0.95,0.99
25,1.2808628909158883,0.7641845890516104,1.2557547648267429,0.7883543123543124,1e-06,1e-05,110,6000frags_2000orgs_30nt_small_110,0.95,0.99
25,1.2781793441351204,0.7667606664415176,1.2525175667726076,0.791634532134532,1e-06,1e-05,110,6000frags_2000orgs_30nt_small_110,0.95,0.99
25,1.2755284044750304,0.7695611482429243,1.249720217854112,0.7943546453546454,1e-06,1e-05,110,6000frags_2000orgs_30nt_small_110,0.95,0.99
25,1.272837315258552,0.7721542436389801,1.2466566550469658,0.797393772893773,1e-06,1e-05,110,6000frags_2000orgs_30nt_small_110,0.95,0.99
25,1.270220466237946,0.7747715336707011,1.2440828118088478,0.7999585414585416,1e-06,1e-05,110,6000frags_2000orgs_30nt_small_110,0.95,0.99
25,1.2677577479667514,0.7773073111405674,1.2418689869655355,0.8024530469530471,1e-06,1e-05,110,6000frags_2000orgs_30nt_small_110,0.95,0.99
25,1.570655150112508,0.5383274825527621,1.3958020681684666,0.6745054945054945,1e-06,1e-05,70,6000frags_2000orgs_30nt_small_70_06_09,0.6,0.9
25,1.4114982680161607,0.6659438114857478,1.3429029901711258,0.7101948051948052,1e-06,1e-05,70,6000frags_2000orgs_30nt_small_70_06_09,0.6,0.9
25,1.3696872316454354,0.6908043176658539,1.3256826164922515,0.7236653346653348,1e-06,1e-05,70,6000frags_2000orgs_30nt_small_70_06_09,0.6,0.9
25,1.3513593861781688,0.7024420877827293,1.3143339020388944,0.7326903096903097,1e-06,1e-05,70,6000frags_2000orgs_30nt_small_70_06_09,0.6,0.9
25,1.340234678546915,0.7103637433784578,1.3063845186466938,0.7398101898101898,1e-06,1e-05,70,6000frags_2000orgs_30nt_small_70_06_09,0.6,0.9
25,1.3319775241501126,0.7168124527032708,1.3003066779350068,0.7441488511488511,1e-06,1e-05,70,6000frags_2000orgs_30nt_small_70_06_09,0.6,0.9
25,1.3256065738629144,0.721804969309678,1.2953004656554936,0.7489460539460541,1e-06,1e-05,70,6000frags_2000orgs_30nt_small_70_06_09,0.6,0.9
25,1.3199917784748951,0.7266376439922645,1.2902637672340953,0.7540559440559441,1e-06,1e-05,70,6000frags_2000orgs_30nt_small_70_06_09,0.6,0.9
25,1.3149902676960663,0.7311698478096358,1.2858906388366138,0.7580744255744256,1e-06,1e-05,70,6000frags_2000orgs_30nt_small_70_06_09,0.6,0.9
25,1.3105510721528018,0.7351687547296728,1.2816001652170728,0.7620084915084916,1e-06,1e-05,70,6000frags_2000orgs_30nt_small_70_06_09,0.6,0.9
25,1.3064177543117832,0.7389201210796267,1.2775276478937456,0.7659840159840159,1e-06,1e-05,70,6000frags_2000orgs_30nt_small_70_06_09,0.6,0.9
25,1.3024763563684043,0.7425983141343648,1.2731815709017371,0.7707257742257743,1e-06,1e-05,70,6000frags_2000orgs_30nt_small_70_06_09,0.6,0.9
25,1.2986568934535756,0.746216156562684,1.269827231068711,0.7737692307692308,1e-06,1e-05,70,6000frags_2000orgs_30nt_small_70_06_09,0.6,0.9
25,1.294925788550113,0.7500410115193813,1.2656848918224548,0.7780789210789211,1e-06,1e-05,70,6000frags_2000orgs_30nt_small_70_06_09,0.6,0.9
25,1.2912692169500422,0.7535894013285126,1.2615335101347702,0.7821018981018981,1e-06,1e-05,70,6000frags_2000orgs_30nt_small_70_06_09,0.6,0.9
25,1.287861524433722,0.7568722567897084,1.257592664481877,0.786013986013986,1e-06,1e-05,70,6000frags_2000orgs_30nt_small_70_06_09,0.6,0.9
25,1.2845043491184045,0.7602620869418987,1.2549978318331123,0.7884485514485515,1e-06,1e-05,70,6000frags_2000orgs_30nt_small_70_06_09,0.6,0.9
25,1.2811031772309434,0.7636152148322544,1.250712599179128,0.7928866133866135,1e-06,1e-05,70,6000frags_2000orgs_30nt_small_70_06_09,0.6,0.9
25,1.2778781627419418,0.7667935129908349,1.2478484382245925,0.7955344655344656,1e-06,1e-05,70,6000frags_2000orgs_30nt_small_70_06_09,0.6,0.9
25,1.2749685636666188,0.7697598587404356,1.2445568671426572,0.799397102897103,1e-06,1e-05,70,6000frags_2000orgs_30nt_small_70_06_09,0.6,0.9
25,1.2719019118532005,0.7726590641553855,1.241068857191326,0.8029110889110891,1e-06,1e-05,70,6000frags_2000orgs_30nt_small_70_06_09,0.6,0.9
25,1.2690805641990188,0.7754629193643321,1.2389970479895185,0.8049105894105895,1e-06,1e-05,70,6000frags_2000orgs_30nt_small_70_06_09,0.6,0.9
25,1.266329248445114,0.7781828386445809,1.2360760862593885,0.8079355644355645,1e-06,1e-05,70,6000frags_2000orgs_30nt_small_70_06_09,0.6,0.9
25,1.2637305818353421,0.7808166568569749,1.233055151659292,0.8106413586413587,1e-06,1e-05,70,6000frags_2000orgs_30nt_small_70_06_09,0.6,0.9
25,1.261332883769586,0.7832872488018162,1.2309595216654396,0.8131793206793207,1e-06,1e-05,70,6000frags_2000orgs_30nt_small_70_06_09,0.6,0.9
25,1.5766576133523709,0.5318209871352896,1.3980853357848588,0.6746233766233765,1e-06,1e-05,70,6000frags_2000orgs_30nt_small_70_06_08,0.6,0.8
25,1.4127381962439536,0.6661994660724795,1.345578183869382,0.7092477522477523,1e-06,1e-05,70,6000frags_2000orgs_30nt_small_70_06_08,0.6,0.8
25,1.3714476978466608,0.6898521188934666,1.3268086977438494,0.7228421578421577,1e-06,1e-05,70,6000frags_2000orgs_30nt_small_70_06_08,0.6,0.8
25,1.352935992869789,0.7014643487765913,1.3165097899286895,0.7309320679320679,1e-06,1e-05,70,6000frags_2000orgs_30nt_small_70_06_08,0.6,0.8
25,1.3420496141703568,0.7088025098797612,1.3089342068625496,0.7369165834165834,1e-06,1e-05,70,6000frags_2000orgs_30nt_small_70_06_08,0.6,0.8
25,1.3338779812037351,0.7149277516185991,1.303149625554785,0.7416963036963037,1e-06,1e-05,70,6000frags_2000orgs_30nt_small_70_06_08,0.6,0.8
25,1.32771332505312,0.7199425502396367,1.2983064339961206,0.7461303696303697,1e-06,1e-05,70,6000frags_2000orgs_30nt_small_70_06_08,0.6,0.8
25,1.3223995528268842,0.7243243084167157,1.2935467351149843,0.7507132867132867,1e-06,1e-05,70,6000frags_2000orgs_30nt_small_70_06_08,0.6,0.8
25,1.3174532533025236,0.7286147103338096,1.2895095798852558,0.7540844155844156,1e-06,1e-05,70,6000frags_2000orgs_30nt_small_70_06_08,0.6,0.8
25,1.3132817413857434,0.7325216724123434,1.2847693134354543,0.7586828171828172,1e-06,1e-05,70,6000frags_2000orgs_30nt_small_70_06_08,0.6,0.8
25,1.3092301779403064,0.7360804464811234,1.2815991941115241,0.7616058941058942,1e-06,1e-05,70,6000frags_2000orgs_30nt_small_70_06_08,0.6,0.8
25,1.3052727924068932,0.7397548347767594,1.2779193732788512,0.7653426573426573,1e-06,1e-05,70,6000frags_2000orgs_30nt_small_70_06_08,0.6,0.8
25,1.301959046947739,0.7428738333473471,1.2749547556146874,0.7686018981018979,1e-06,1e-05,70,6000frags_2000orgs_30nt_small_70_06_08,0.6,0.8
25,1.298548518546614,0.7462691919616581,1.270421654219394,0.77307992007992,1e-06,1e-05,70,6000frags_2000orgs_30nt_small_70_06_08,0.6,0.8
25,1.2951826477257766,0.7494605229967207,1.2679849624633792,0.7752522477522478,1e-06,1e-05,70,6000frags_2000orgs_30nt_small_70_06_08,0.6,0.8
25,1.292070341262837,0.7524633187589338,1.2639634902577301,0.7795349650349651,1e-06,1e-05,70,6000frags_2000orgs_30nt_small_70_06_08,0.6,0.8
25,1.288948611859857,0.7554738711847306,1.259978725468362,0.7836083916083917,1e-06,1e-05,70,6000frags_2000orgs_30nt_small_70_06_08,0.6,0.8
25,1.285965431955648,0.7585671403346508,1.2573938808157727,0.7860384615384616,1e-06,1e-05,70,6000frags_2000orgs_30nt_small_70_06_08,0.6,0.8
25,1.2828663257323971,0.7614373160682756,1.254221888197052,0.7891298701298702,1e-06,1e-05,70,6000frags_2000orgs_30nt_small_70_06_08,0.6,0.8
25,1.280067991610483,0.7643740225342639,1.2507012170011351,0.7930214785214785,1e-06,1e-05,70,6000frags_2000orgs_30nt_small_70_06_08,0.6,0.8
25,1.277310862286502,0.7671524215925334,1.2488417690783948,0.7944185814185815,1e-06,1e-05,70,6000frags_2000orgs_30nt_small_70_06_08,0.6,0.8
25,1.274532979991662,0.7698866139746071,1.2448084792223844,0.7987297702297703,1e-06,1e-05,70,6000frags_2000orgs_30nt_small_70_06_08,0.6,0.8
25,1.2718999232261443,0.7724486042209703,1.2423487767139514,0.8013586413586414,1e-06,1e-05,70,6000frags_2000orgs_30nt_small_70_06_08,0.6,0.8
25,1.2692104677598992,0.7751562894139411,1.2400164417286852,0.8037222777222778,1e-06,1e-05,70,6000frags_2000orgs_30nt_small_70_06_08,0.6,0.8
25,1.266916135548142,0.777430126965442,1.2371941420748518,0.8064400599400601,1e-06,1e-05,70,6000frags_2000orgs_30nt_small_70_06_08,0.6,0.8
25,1.5661838146747735,0.5447631590010931,1.3912876091720343,0.6771998001998002,1e-06,1e-05,70,6000frags_2000orgs_30nt_small_70,0.95,0.99
25,1.4076781327318204,0.6681223618935508,1.3414485255321422,0.7117217782217781,1e-06,1e-05,70,6000frags_2000orgs_30nt_small_70,0.95,0.99
25,1.367437199905313,0.6921940006726646,1.322497549515504,0.7263571428571428,1e-06,1e-05,70,6000frags_2000orgs_30nt_small_70,0.95,0.99
25,1.3497662960062171,0.7035529302951314,1.3124846776382073,0.7339085914085912,1e-06,1e-05,70,6000frags_2000orgs_30nt_small_70,0.95,0.99
25,1.3385794367086474,0.7117089254183132,1.3059480789157891,0.7396068931068931,1e-06,1e-05,70,6000frags_2000orgs_30nt_small_70,0.95,0.99
25,1.3307087289315245,0.7176894601866645,1.2998629478641324,0.7451613386613386,1e-06,1e-05,70,6000frags_2000orgs_30nt_small_70,0.95,0.99
25,1.3242033742644497,0.7229981291516017,1.294570576277646,0.7499140859140859,1e-06,1e-05,70,6000frags_2000orgs_30nt_small_70,0.95,0.99
25,1.318730454614332,0.7278255486420583,1.2891168677306677,0.7550479520479522,1e-06,1e-05,70,6000frags_2000orgs_30nt_small_70,0.95,0.99
25,1.3137397777234336,0.7320966324728831,1.2841123440298998,0.7600859140859141,1e-06,1e-05,70,6000frags_2000orgs_30nt_small_70,0.95,0.99
25,1.3092035046302268,0.7363543681156982,1.2800167133924845,0.7638571428571429,1e-06,1e-05,70,6000frags_2000orgs_30nt_small_70,0.95,0.99
25,1.3048798731841222,0.7404577272345078,1.2757226005800957,0.7680534465534467,1e-06,1e-05,70,6000frags_2000orgs_30nt_small_70,0.95,0.99
25,1.3008313924933688,0.7443253384343731,1.271392807185233,0.7723616383616383,1e-06,1e-05,70,6000frags_2000orgs_30nt_small_70,0.95,0.99
25,1.2968121369334793,0.7481212898343564,1.2673711503052212,0.7762252747252747,1e-06,1e-05,70,6000frags_2000orgs_30nt_small_70,0.95,0.99
25,1.29308729361723,0.7518342722609939,1.2633113571980616,0.7800119880119881,1e-06,1e-05,70,6000frags_2000orgs_30nt_small_70,0.95,0.99
25,1.2897607117979015,0.7549516732531742,1.2597835672485245,0.7841448551448551,1e-06,1e-05,70,6000frags_2000orgs_30nt_small_70,0.95,0.99
25,1.2857468031868646,0.7590474228537796,1.2564330898131524,0.787424075924076,1e-06,1e-05,70,6000frags_2000orgs_30nt_small_70,0.95,0.99
25,1.2826566764559726,0.7620448162784832,1.2528131370444398,0.7907427572427572,1e-06,1e-05,70,6000frags_2000orgs_30nt_small_70,0.95,0.99
25,1.2790396995338151,0.765649289498024,1.2489495883371446,0.794889110889111,1e-06,1e-05,70,6000frags_2000orgs_30nt_small_70,0.95,0.99
25,1.2760367201401108,0.7686276591272176,1.2459574715157489,0.7980799200799201,1e-06,1e-05,70,6000frags_2000orgs_30nt_small_70,0.95,0.99
25,1.272840510490293,0.7718693559236527,1.2420835160542198,0.8017717282717285,1e-06,1e-05,70,6000frags_2000orgs_30nt_small_70,0.95,0.99
25,1.2698455872765144,0.7749310729000254,1.2393099613373095,0.8047482517482518,1e-06,1e-05,70,6000frags_2000orgs_30nt_small_70,0.95,0.99
25,1.2668488095496386,0.7779408895989239,1.2369831103878421,0.8070869130869133,1e-06,1e-05,70,6000frags_2000orgs_30nt_small_70,0.95,0.99
25,1.2641091121513048,0.7805622424955858,1.2342100395689477,0.809879120879121,1e-06,1e-05,70,6000frags_2000orgs_30nt_small_70,0.95,0.99
25,1.2612192970679184,0.7835942991675778,1.231072933582159,0.8130169830169831,1e-06,1e-05,70,6000frags_2000orgs_30nt_small_70,0.95,0.99
25,1.2587112647477423,0.7861549440847558,1.2295267176211295,0.8148826173826175,1e-06,1e-05,70,6000frags_2000orgs_30nt_small_70,0.95,0.99
25,1.6245319984056747,0.4688557773067232,1.5001438384003691,0.5620779220779222,1e-06,1e-05,110,1000frags_5000orgs_30nt_small_final,0.6,0.99
25,1.5092119896590208,0.5619938807343119,1.4566926296202691,0.5925994005994006,1e-06,1e-05,110,1000frags_5000orgs_30nt_small_final,0.6,0.99
25,1.4724118824577834,0.5845042594888613,1.4387249905067483,0.6067182817182818,1e-06,1e-05,110,1000frags_5000orgs_30nt_small_final,0.6,0.99
25,1.4546668441873576,0.5958598568171818,1.4287135524278158,0.6143316683316684,1e-06,1e-05,110,1000frags_5000orgs_30nt_small_final,0.6,0.99
25,1.443885100640445,0.6032746870375556,1.4211330703981633,0.6208371628371628,1e-06,1e-05,110,1000frags_5000orgs_30nt_small_final,0.6,0.99
25,1.4362982736329282,0.6090032396112466,1.4160385192619576,0.6248611388611388,1e-06,1e-05,110,1000frags_5000orgs_30nt_small_final,0.6,0.99
25,1.4301148391483218,0.6141533815942087,1.4107134190103507,0.6302947052947053,1e-06,1e-05,110,1000frags_5000orgs_30nt_small_final,0.6,0.99
25,1.4249881407525433,0.6185721313442386,1.407184240909723,0.6337062937062937,1e-06,1e-05,110,1000frags_5000orgs_30nt_small_final,0.6,0.99
25,1.4203987182733826,0.6225703715554134,1.4019623763875646,0.6383776223776223,1e-06,1e-05,110,1000frags_5000orgs_30nt_small_final,0.6,0.99
25,1.415996728570672,0.6266522017357917,1.397413327772539,0.643021978021978,1e-06,1e-05,110,1000frags_5000orgs_30nt_small_final,0.6,0.99
25,1.4120818706975862,0.630295484541855,1.3940312930646834,0.6464765234765235,1e-06,1e-05,110,1000frags_5000orgs_30nt_small_final,0.6,0.99
25,1.4080594183273163,0.6343495980482343,1.3898746829766493,0.6506493506493506,1e-06,1e-05,110,1000frags_5000orgs_30nt_small_final,0.6,0.99
25,1.4042301784461677,0.6379946806383233,1.3856125763091411,0.6547302697302698,1e-06,1e-05,110,1000frags_5000orgs_30nt_small_final,0.6,0.99
25,1.4006561893174894,0.6415906491221053,1.382365396337195,0.6582707292707292,1e-06,1e-05,110,1000frags_5000orgs_30nt_small_final,0.6,0.99
25,1.3967519819788927,0.6454720233571971,1.3782634308835962,0.6627002997002998,1e-06,1e-05,110,1000frags_5000orgs_30nt_small_final,0.6,0.99
25,1.3932933844426,0.6489906411230653,1.3744474980464347,0.6664745254745256,1e-06,1e-05,110,1000frags_5000orgs_30nt_small_final,0.6,0.99
25,1.3897023810094222,0.6526516817981841,1.3711058233334468,0.6697792207792208,1e-06,1e-05,110,1000frags_5000orgs_30nt_small_final,0.6,0.99
25,1.3860675952374752,0.6563734751829781,1.367384810369093,0.6736653346653346,1e-06,1e-05,110,1000frags_5000orgs_30nt_small_final,0.6,0.99
25,1.3827657367104853,0.6597502299724034,1.3641114540807493,0.676984015984016,1e-06,1e-05,110,1000frags_5000orgs_30nt_small_final,0.6,0.99
25,1.3794972211266738,0.6631535415750109,1.3608130142714951,0.6804215784215784,1e-06,1e-05,110,1000frags_5000orgs_30nt_small_final,0.6,0.99
25,1.376215114391065,0.666411670599528,1.357892818280629,0.6835484515484515,1e-06,1e-05,110,1000frags_5000orgs_30nt_small_final,0.6,0.99
25,1.3733579721552551,0.6693687557493101,1.3553306155152374,0.685936063936064,1e-06,1e-05,110,1000frags_5000orgs_30nt_small_final,0.6,0.99
25,1.3701656669784736,0.6725796104467464,1.3529013581197342,0.6886423576423575,1e-06,1e-05,110,1000frags_5000orgs_30nt_small_final,0.6,0.99
25,1.3675024169450072,0.6752519697636282,1.3503701066053833,0.6910379620379622,1e-06,1e-05,110,1000frags_5000orgs_30nt_small_final,0.6,0.99
25,1.3650263400708218,0.6778378594568653,1.3479977428651118,0.6935684315684315,1e-06,1e-05,110,1000frags_5000orgs_30nt_small_final,0.6,0.99
25,1.6222454588632462,0.4659987201535815,1.4982306567522197,0.5618551448551449,1e-06,1e-05,110,1000frags_5000orgs_30nt_small_final,0.6,0.99
25,1.507821702980754,0.5614489861216654,1.4570052171015477,0.5908721278721278,1e-06,1e-05,110,1000frags_5000orgs_30nt_small_final,0.6,0.99
25,1.472360798552652,0.5837104747430308,1.439500395832481,0.6042667332667332,1e-06,1e-05,110,1000frags_5000orgs_30nt_small_final,0.6,0.99
25,1.4552246736053638,0.5947136743590768,1.429197606398509,0.6131498501498501,1e-06,1e-05,110,1000frags_5000orgs_30nt_small_final,0.6,0.99
25,1.4447184285847983,0.6020871495420549,1.422293430357189,0.6193986013986015,1e-06,1e-05,110,1000frags_5000orgs_30nt_small_final,0.6,0.99
25,1.4370958506693885,0.6079133304003518,1.4168780442646571,0.6244385614385615,1e-06,1e-05,110,1000frags_5000orgs_30nt_small_final,0.6,0.99
25,1.430711962308225,0.6134271087469504,1.4115558529555143,0.6294285714285716,1e-06,1e-05,110,1000frags_5000orgs_30nt_small_final,0.6,0.99
25,1.4256976113359257,0.6175079790425149,1.406609868977096,0.6343576423576424,1e-06,1e-05,110,1000frags_5000orgs_30nt_small_final,0.6,0.99
25,1.420728599597744,0.6222362116546014,1.4019941334803026,0.6386673326673327,1e-06,1e-05,110,1000frags_5000orgs_30nt_small_final,0.6,0.99
25,1.4162327090680626,0.6263906731192256,1.3983873772228157,0.6419040959040959,1e-06,1e-05,110,1000frags_5000orgs_30nt_small_final,0.6,0.99
25,1.4119634768771958,0.630599088109427,1.3936301201647454,0.646977022977023,1e-06,1e-05,110,1000frags_5000orgs_30nt_small_final,0.6,0.99
25,1.4077751898288307,0.6345902091748991,1.389068581874554,0.6512907092907092,1e-06,1e-05,110,1000frags_5000orgs_30nt_small_final,0.6,0.99
25,1.403964139481132,0.63824513058433,1.3848215903554644,0.6560519480519481,1e-06,1e-05,110,1000frags_5000orgs_30nt_small_final,0.6,0.99
25,1.39986457391767,0.6425509338879335,1.3808414663849296,0.6597272727272726,1e-06,1e-05,110,1000frags_5000orgs_30nt_small_final,0.6,0.99
25,1.3959862084730679,0.6463696356437227,1.3773685550034702,0.6638981018981019,1e-06,1e-05,110,1000frags_5000orgs_30nt_small_final,0.6,0.99
25,1.3920821615084644,0.6503707955045394,1.373422724532557,0.6678261738261738,1e-06,1e-05,110,1000frags_5000orgs_30nt_small_final,0.6,0.99
25,1.3885592887252636,0.6538965324161101,1.3694127017194098,0.6718531468531468,1e-06,1e-05,110,1000frags_5000orgs_30nt_small_final,0.6,0.99
25,1.3848331117913213,0.6577115546134463,1.3663813143641084,0.6748581418581417,1e-06,1e-05,110,1000frags_5000orgs_30nt_small_final,0.6,0.99
25,1.3815778162240249,0.6610001999760029,1.3626649694783346,0.6786213786213785,1e-06,1e-05,110,1000frags_5000orgs_30nt_small_final,0.6,0.99
25,1.378276966423701,0.6642015758109027,1.3592823809712797,0.6818581418581419,1e-06,1e-05,110,1000frags_5000orgs_30nt_small_final,0.6,0.99
25,1.375085287669971,0.6675845698516178,1.356858092205865,0.6845414585414585,1e-06,1e-05,110,1000frags_5000orgs_30nt_small_final,0.6,0.99
25,1.3721473136873326,0.6705014998200216,1.3538941413622636,0.6878041958041958,1e-06,1e-05,110,1000frags_5000orgs_30nt_small_final,0.6,0.99
25,1.369047521912889,0.6737446306443226,1.3513976924891,0.689994005994006,1e-06,1e-05,110,1000frags_5000orgs_30nt_small_final,0.6,0.99
25,1.3665079966390705,0.6761364636243651,1.3490868804874,0.6927362637362637,1e-06,1e-05,110,1000frags_5000orgs_30nt_small_final,0.6,0.99
25,1.3639569272016356,0.678870695516538,1.3470721643704635,0.6947112887112887,1e-06,1e-05,110,1000frags_5000orgs_30nt_small_final,0.6,0.99
